best_prices 1699273217757 1699273217644 btcusdt 35181.40 1.924 35181.30 11.694
best_prices 1699273217900 1699273217770 btcusdt 35181.40 1.924 35181.30 11.694
best_prices 1699273217986 1699273217874 btcusdt 35181.40 1.924 35181.30 11.659
best_prices 1699273218157 1699273218046 btcusdt 35181.40 1.920 35181.30 11.197
best_prices 1699273218325 1699273218214 btcusdt 35181.40 1.920 35181.30 11.198
best_prices 1699273218514 1699273218335 btcusdt 35181.40 1.926 35181.30 11.201
best_prices 1699273218551 1699273218439 btcusdt 35181.40 2.912 35181.30 11.184
best_prices 1699273218667 1699273218551 btcusdt 35181.60 0.768 35181.50 6.205
best_prices 1699273218776 1699273218665 btcusdt 35181.60 1.039 35181.50 5.680
best_prices 1699273218924 1699273218780 btcusdt 35181.60 1.039 35181.50 6.794
best_prices 1699273219128 1699273218945 btcusdt 35181.60 1.039 35181.50 7.134
best_prices 1699273219192 1699273219081 btcusdt 35181.60 1.260 35181.50 6.947
best_prices 1699273219373 1699273219261 btcusdt 35181.60 1.244 35181.50 6.950
best_prices 1699273219505 1699273219394 btcusdt 35181.60 1.235 35181.50 7.047
best_prices 1699273219627 1699273219516 btcusdt 35181.60 1.245 35181.50 7.020
best_prices 1699273219743 1699273219621 btcusdt 35181.60 1.249 35181.50 7.026
best_prices 1699273219844 1699273219733 btcusdt 35181.60 1.239 35181.50 7.026
best_prices 1699273219968 1699273219846 btcusdt 35181.60 1.216 35181.50 7.061
best_prices 1699273220062 1699273219950 btcusdt 35181.60 1.216 35181.50 7.119
best_prices 1699273220357 1699273220157 btcusdt 35181.60 1.222 35181.50 7.137
best_prices 1699273220563 1699273220452 btcusdt 35181.60 0.809 35181.50 7.101
best_prices 1699273220766 1699273220612 btcusdt 35181.60 1.818 35181.50 7.517
best_prices 1699273220972 1699273220817 btcusdt 35181.60 2.179 35181.50 6.918
best_prices 1699273221036 1699273220925 btcusdt 35181.60 2.179 35181.50 6.956
best_prices 1699273221179 1699273221031 btcusdt 35181.60 2.189 35181.50 6.956
best_prices 1699273221243 1699273221132 btcusdt 35181.60 2.170 35181.50 7.028
best_prices 1699273221382 1699273221239 btcusdt 35181.60 2.170 35181.50 7.111
best_prices 1699273221478 1699273221367 btcusdt 35181.60 3.558 35181.50 7.106
best_prices 1699273221582 1699273221471 btcusdt 35181.60 2.439 35181.50 7.063
best_prices 1699273221688 1699273221577 btcusdt 35181.60 2.479 35181.50 7.075
best_prices 1699273221892 1699273221683 btcusdt 35181.60 2.483 35181.50 7.354
best_prices 1699273221907 1699273221796 btcusdt 35181.60 2.483 35181.50 7.273
best_prices 1699273222097 1699273221907 btcusdt 35181.60 2.318 35181.50 7.313
best_prices 1699273222141 1699273222031 btcusdt 35181.60 2.321 35181.50 7.313
best_prices 1699273222302 1699273222142 btcusdt 35181.60 0.933 35181.50 7.313
best_prices 1699273222421 1699273222309 btcusdt 35181.60 0.904 35181.50 7.314
best_prices 1699273222610 1699273222448 btcusdt 35181.60 0.895 35181.50 7.321
best_prices 1699273222666 1699273222556 btcusdt 35181.60 0.896 35181.50 7.355
best_prices 1699273222816 1699273222662 btcusdt 35181.60 0.818 35181.50 7.605
best_prices 1699273222882 1699273222771 btcusdt 35182.00 0.672 35181.90 13.432
best_prices 1699273222984 1699273222873 btcusdt 35182.00 0.731 35181.90 14.070
best_prices 1699273223087 1699273222976 btcusdt 35182.00 0.056 35181.90 14.490
best_prices 1699273223196 1699273223085 btcusdt 35182.00 0.062 35181.90 14.722
best_prices 1699273223300 1699273223189 btcusdt 35182.00 0.062 35181.90 14.706
best_prices 1699273223404 1699273223293 btcusdt 35182.00 0.649 35181.90 14.976
best_prices 1699273223507 1699273223396 btcusdt 35182.00 0.649 35181.90 15.727
best_prices 1699273223635 1699273223506 btcusdt 35182.00 0.649 35181.90 15.733
best_prices 1699273223839 1699273223636 btcusdt 35181.60 14.079 35181.30 0.657
best_prices 1699273223861 1699273223737 btcusdt 35180.10 4.012 35180.00 0.007
best_prices 1699273223965 1699273223838 btcusdt 35179.00 24.770 35178.90 0.088
best_prices 1699273224061 1699273223941 btcusdt 35178.30 5.156 35178.20 0.004
best_prices 1699273224159 1699273224042 btcusdt 35176.10 6.542 35176.00 0.010
best_prices 1699273224271 1699273224143 btcusdt 35174.10 3.206 35174.00 0.010
best_prices 1699273224364 1699273224245 btcusdt 35173.30 16.267 35173.20 0.070
best_prices 1699273224459 1699273224347 btcusdt 35173.30 16.341 35173.20 0.090
best_prices 1699273224659 1699273224451 btcusdt 35173.30 16.387 35173.20 0.097
best_prices 1699273224680 1699273224569 btcusdt 35173.30 16.151 35173.20 0.097
best_prices 1699273224863 1699273224677 btcusdt 35173.30 16.551 35173.20 0.094
best_prices 1699273224892 1699273224781 btcusdt 35173.30 17.451 35173.20 0.135
best_prices 1699273225068 1699273224884 btcusdt 35173.30 16.456 35173.20 0.131
best_prices 1699273225118 1699273225008 btcusdt 35173.30 16.368 35173.20 0.134
best_prices 1699273225221 1699273225109 btcusdt 35173.30 15.384 35173.20 0.265
best_prices 1699273225323 1699273225212 btcusdt 35173.30 15.350 35173.20 0.294
best_prices 1699273225480 1699273225368 btcusdt 35173.30 15.241 35173.20 0.186
best_prices 1699273225619 1699273225508 btcusdt 35173.30 15.926 35173.20 0.186
best_prices 1699273225723 1699273225611 btcusdt 35173.30 15.926 35173.20 0.198
best_prices 1699273225887 1699273225754 btcusdt 35173.30 15.926 35173.20 0.297
best_prices 1699273226093 1699273225903 btcusdt 35173.30 14.907 35173.20 0.408
best_prices 1699273226115 1699273226005 btcusdt 35173.30 14.897 35173.20 0.608
best_prices 1699273226219 1699273226108 btcusdt 35173.30 14.611 35173.20 0.408
best_prices 1699273226321 1699273226209 btcusdt 35173.30 14.611 35173.20 0.408
best_prices 1699273226604 1699273226407 btcusdt 35173.30 14.573 35173.20 0.464
best_prices 1699273226621 1699273226509 btcusdt 35173.30 15.413 35173.20 0.386
best_prices 1699273226810 1699273226633 btcusdt 35173.30 14.501 35173.20 0.807
best_prices 1699273226849 1699273226738 btcusdt 35173.30 14.496 35173.20 0.699
best_prices 1699273226951 1699273226839 btcusdt 35173.30 14.496 35173.20 0.709
best_prices 1699273227115 1699273226998 btcusdt 35173.30 15.341 35173.20 0.709
best_prices 1699273227218 1699273227107 btcusdt 35173.30 14.272 35173.20 0.757
best_prices 1699273227319 1699273227208 btcusdt 35173.30 15.092 35173.20 0.761
best_prices 1699273227525 1699273227366 btcusdt 35173.30 14.230 35173.20 0.766
best_prices 1699273227587 1699273227469 btcusdt 35176.40 0.121 35176.10 0.761
best_prices 1699273227681 1699273227570 btcusdt 35176.40 0.284 35176.30 9.434
best_prices 1699273227791 1699273227678 btcusdt 35176.40 1.387 35176.30 8.116
best_prices 1699273227938 1699273227797 btcusdt 35176.40 1.393 35176.30 8.222
best_prices 1699273228018 1699273227907 btcusdt 35176.40 1.396 35176.30 8.147
best_prices 1699273228120 1699273228008 btcusdt 35176.40 1.393 35176.30 6.093
best_prices 1699273228223 1699273228111 btcusdt 35176.40 1.524 35176.30 6.097
best_prices 1699273228324 1699273228212 btcusdt 35176.40 2.399 35176.30 6.056
best_prices 1699273228426 1699273228315 btcusdt 35176.40 1.754 35176.30 5.433
best_prices 1699273228530 1699273228418 btcusdt 35176.40 1.873 35176.30 5.418
best_prices 1699273228754 1699273228528 btcusdt 35176.40 1.879 35176.30 5.307
best_prices 1699273228755 1699273228631 btcusdt 35176.40 2.734 35176.30 4.688
best_prices 1699273228843 1699273228732 btcusdt 35176.40 2.745 35176.30 4.731
best_prices 1699273229061 1699273228850 btcusdt 35176.40 2.745 35176.30 4.754
best_prices 1699273229068 1699273228957 btcusdt 35176.40 2.584 35176.30 4.751
best_prices 1699273229267 1699273229109 btcusdt 35176.40 2.584 35176.30 4.754
best_prices 1699273229334 1699273229224 btcusdt 35176.40 2.705 35176.30 4.834
best_prices 1699273229519 1699273229408 btcusdt 35176.40 2.671 35176.30 4.831
best_prices 1699273229668 1699273229557 btcusdt 35176.40 2.668 35176.30 4.664
best_prices 1699273229769 1699273229659 btcusdt 35176.40 2.668 35176.30 5.081
best_prices 1699273229874 1699273229763 btcusdt 35176.40 2.455 35176.30 5.097
best_prices 1699273230036 1699273229924 btcusdt 35176.40 2.455 35176.30 5.135
best_prices 1699273230290 1699273230082 btcusdt 35176.40 2.426 35176.30 5.135
best_prices 1699273230320 1699273230206 btcusdt 35176.40 2.580 35176.30 5.011
best_prices 1699273230422 1699273230309 btcusdt 35176.40 2.580 35176.30 5.010
best_prices 1699273230597 1699273230443 btcusdt 35176.40 2.524 35176.30 4.974
best_prices 1699273230677 1699273230566 btcusdt 35176.40 2.524 35176.30 4.955
best_prices 1699273230778 1699273230667 btcusdt 35176.40 2.524 35176.30 4.969
best_prices 1699273230905 1699273230785 btcusdt 35176.40 2.524 35176.30 4.964
best_prices 1699273231109 1699273230907 btcusdt 35176.40 2.529 35176.30 5.002
best_prices 1699273231119 1699273231008 btcusdt 35176.40 2.524 35176.30 5.075
best_prices 1699273231223 1699273231109 btcusdt 35176.40 2.496 35176.30 5.075
best_prices 1699273231322 1699273231211 btcusdt 35176.40 2.480 35176.30 5.100
best_prices 1699273231424 1699273231313 btcusdt 35176.40 2.477 35176.30 5.117
best_prices 1699273231623 1699273231436 btcusdt 35176.40 1.851 35176.30 5.283
best_prices 1699273231651 1699273231540 btcusdt 35176.40 1.833 35176.30 5.299
best_prices 1699273231827 1699273231707 btcusdt 35176.40 1.833 35176.30 5.299
best_prices 1699273231918 1699273231808 btcusdt 35176.40 1.833 35176.30 5.299
best_prices 1699273232133 1699273231986 btcusdt 35176.40 1.833 35176.30 5.337
best_prices 1699273232218 1699273232107 btcusdt 35176.40 1.740 35176.30 5.326
best_prices 1699273232319 1699273232209 btcusdt 35176.40 1.734 35176.30 5.345
best_prices 1699273232422 1699273232311 btcusdt 35176.40 1.734 35176.30 5.262
best_prices 1699273232645 1699273232465 btcusdt 35176.40 1.734 35176.30 5.244
best_prices 1699273232718 1699273232607 btcusdt 35176.40 1.702 35176.30 5.249
best_prices 1699273232818 1699273232708 btcusdt 35176.40 1.679 35176.30 5.235
best_prices 1699273232928 1699273232809 btcusdt 35177.80 0.520 35177.70 6.539
best_prices 1699273233021 1699273232910 btcusdt 35177.80 0.513 35177.70 6.763
best_prices 1699273233136 1699273233025 btcusdt 35177.90 0.590 35177.80 5.302
best_prices 1699273233260 1699273233131 btcusdt 35177.90 0.590 35177.80 5.278
best_prices 1699273233351 1699273233239 btcusdt 35178.90 0.180 35178.80 26.123
best_prices 1699273233451 1699273233340 btcusdt 35179.20 0.207 35179.10 8.235
best_prices 1699273233554 1699273233443 btcusdt 35179.20 0.207 35179.10 8.265
best_prices 1699273233669 1699273233547 btcusdt 35179.20 0.500 35179.10 8.377
best_prices 1699273233765 1699273233650 btcusdt 35179.20 0.493 35179.10 10.279
best_prices 1699273233976 1699273233761 btcusdt 35179.20 0.493 35179.10 10.427
best_prices 1699273233979 1699273233864 btcusdt 35180.10 0.601 35180.00 8.109
best_prices 1699273234080 1699273233969 btcusdt 35180.10 0.657 35180.00 8.044
best_prices 1699273234183 1699273234072 btcusdt 35180.10 0.660 35180.00 8.151
best_prices 1699273234284 1699273234173 btcusdt 35180.10 0.067 35180.00 8.999
best_prices 1699273234397 1699273234285 btcusdt 35180.10 0.067 35180.00 8.377
best_prices 1699273234591 1699273234391 btcusdt 35180.10 0.067 35180.00 8.040
best_prices 1699273234616 1699273234500 btcusdt 35180.10 0.067 35180.00 8.744
best_prices 1699273234722 1699273234611 btcusdt 35180.10 0.067 35180.00 7.957
best_prices 1699273234838 1699273234728 btcusdt 35180.10 0.660 35180.00 7.963
best_prices 1699273234941 1699273234831 btcusdt 35180.10 0.657 35180.00 8.050
best_prices 1699273235103 1699273234943 btcusdt 35180.10 0.657 35180.00 8.050
best_prices 1699273235156 1699273235046 btcusdt 35180.10 0.650 35180.00 8.338
best_prices 1699273235260 1699273235149 btcusdt 35180.10 0.654 35180.00 8.352
best_prices 1699273235366 1699273235255 btcusdt 35180.10 0.650 35180.00 8.384
best_prices 1699273235471 1699273235360 btcusdt 35180.10 1.650 35180.00 8.844
best_prices 1699273235574 1699273235462 btcusdt 35180.10 0.650 35180.00 7.007
best_prices 1699273235677 1699273235565 btcusdt 35180.10 0.647 35180.00 7.007
best_prices 1699273235778 1699273235666 btcusdt 35180.10 0.650 35180.00 8.561
best_prices 1699273235882 1699273235770 btcusdt 35181.50 1.197 35181.40 13.250
best_prices 1699273235981 1699273235871 btcusdt 35181.50 2.116 35181.40 13.420
best_prices 1699273236126 1699273235978 btcusdt 35181.50 2.112 35181.40 15.624
best_prices 1699273236189 1699273236079 btcusdt 35181.50 2.192 35181.40 14.755
best_prices 1699273236293 1699273236182 btcusdt 35181.50 2.192 35181.40 14.760
best_prices 1699273236434 1699273236299 btcusdt 35181.50 2.192 35181.40 14.803
best_prices 1699273236522 1699273236411 btcusdt 35181.50 2.192 35181.40 14.732
best_prices 1699273236642 1699273236531 btcusdt 35181.50 2.195 35181.40 14.746
best_prices 1699273236843 1699273236643 btcusdt 35181.50 1.589 35181.40 14.789
best_prices 1699273236858 1699273236748 btcusdt 35181.50 1.589 35181.40 14.792
best_prices 1699273237049 1699273236873 btcusdt 35181.50 1.589 35181.40 14.795
best_prices 1699273237121 1699273237009 btcusdt 35181.50 1.589 35181.40 14.795
best_prices 1699273237225 1699273237114 btcusdt 35181.50 2.819 35181.40 14.372
best_prices 1699273237326 1699273237215 btcusdt 35181.50 2.881 35181.40 12.173
best_prices 1699273237429 1699273237317 btcusdt 35181.50 2.881 35181.40 12.190
best_prices 1699273237662 1699273237457 btcusdt 35181.50 2.885 35181.40 12.188
best_prices 1699273237727 1699273237615 btcusdt 35181.50 2.890 35181.40 12.293
best_prices 1699273237828 1699273237717 btcusdt 35181.50 2.351 35181.40 12.334
best_prices 1699273237956 1699273237845 btcusdt 35181.50 3.051 35181.40 12.218
best_prices 1699273238106 1699273237995 btcusdt 35181.50 3.051 35181.40 12.212
best_prices 1699273238218 1699273238107 btcusdt 35181.50 3.070 35181.40 12.174
best_prices 1699273238379 1699273238212 btcusdt 35181.50 3.045 35181.40 12.174
best_prices 1699273238483 1699273238373 btcusdt 35181.50 2.989 35181.40 12.167
best_prices 1699273238587 1699273238476 btcusdt 35181.50 2.985 35181.40 12.172
best_prices 1699273238695 1699273238584 btcusdt 35181.50 2.985 35181.40 12.616
best_prices 1699273238890 1699273238698 btcusdt 35181.50 2.985 35181.40 12.601
best_prices 1699273238968 1699273238857 btcusdt 35181.50 2.985 35181.40 12.607
best_prices 1699273239096 1699273238966 btcusdt 35181.50 2.944 35181.40 12.610
best_prices 1699273239218 1699273239107 btcusdt 35181.50 2.944 35181.40 12.579
best_prices 1699273239320 1699273239210 btcusdt 35181.50 3.944 35181.40 12.292
best_prices 1699273239422 1699273239312 btcusdt 35181.50 2.674 35181.40 11.579
best_prices 1699273239543 1699273239431 btcusdt 35181.50 2.479 35181.40 11.672
best_prices 1699273239658 1699273239548 btcusdt 35181.50 2.402 35181.40 11.669
best_prices 1699273239813 1699273239659 btcusdt 35181.50 2.402 35181.40 11.653
best_prices 1699273239887 1699273239764 btcusdt 35179.60 19.242 35179.50 0.004
best_prices 1699273239976 1699273239865 btcusdt 35178.00 11.046 35177.90 0.027
best_prices 1699273240085 1699273239966 btcusdt 35175.50 14.616 35175.40 0.038
best_prices 1699273240224 1699273240067 btcusdt 35175.20 9.746 35175.10 0.030
best_prices 1699273240282 1699273240169 btcusdt 35174.60 10.693 35174.50 0.200
best_prices 1699273240383 1699273240270 btcusdt 35173.60 5.973 35173.50 0.879
best_prices 1699273240487 1699273240371 btcusdt 35173.60 7.256 35173.50 3.430
best_prices 1699273240583 1699273240473 btcusdt 35173.60 6.824 35173.50 4.242
best_prices 1699273240687 1699273240576 btcusdt 35173.60 6.837 35173.50 4.250
best_prices 1699273240838 1699273240682 btcusdt 35173.60 6.840 35173.50 3.934
best_prices 1699273240916 1699273240806 btcusdt 35173.60 6.786 35173.50 3.955
best_prices 1699273241019 1699273240908 btcusdt 35173.60 6.736 35173.50 3.985
best_prices 1699273241248 1699273241107 btcusdt 35173.60 6.898 35173.50 3.906
best_prices 1699273241319 1699273241208 btcusdt 35173.60 6.905 35173.50 3.983
best_prices 1699273241459 1699273241349 btcusdt 35173.60 6.912 35173.50 4.067
best_prices 1699273241656 1699273241480 btcusdt 35173.60 6.912 35173.50 4.038
best_prices 1699273241717 1699273241606 btcusdt 35173.60 6.909 35173.50 4.038
best_prices 1699273241818 1699273241707 btcusdt 35173.60 6.624 35173.50 4.038
best_prices 1699273241937 1699273241826 btcusdt 35173.60 6.586 35173.50 4.052
best_prices 1699273242066 1699273241944 btcusdt 35173.60 6.589 35173.50 4.081
best_prices 1699273242271 1699273242082 btcusdt 35173.60 6.594 35173.50 4.081
best_prices 1699273242320 1699273242208 btcusdt 35173.60 6.585 35173.50 3.647
best_prices 1699273242444 1699273242332 btcusdt 35173.60 7.690 35173.50 0.858
best_prices 1699273242577 1699273242446 btcusdt 35173.60 8.531 35173.50 0.867
best_prices 1699273242987 1699273242856 btcusdt 35173.60 8.541 35173.50 0.896
best_prices 1699273243192 1699273243040 btcusdt 35173.60 8.531 35173.50 0.896
best_prices 1699273243276 1699273243164 btcusdt 35173.60 8.541 35173.50 1.139
best_prices 1699273243500 1699273243308 btcusdt 35173.60 8.531 35173.50 1.145
best_prices 1699273243554 1699273243443 btcusdt 35173.60 8.526 35173.50 1.118
best_prices 1699273243704 1699273243556 btcusdt 35173.60 8.429 35173.50 1.119
best_prices 1699273243803 1699273243692 btcusdt 35173.60 8.430 35173.50 1.119
best_prices 1699273244011 1699273243802 btcusdt 35173.60 8.430 35173.50 1.122
best_prices 1699273244018 1699273243908 btcusdt 35173.60 8.444 35173.50 1.154
best_prices 1699273244122 1699273244009 btcusdt 35171.10 3.538 35171.00 0.627
best_prices 1699273244319 1699273244110 btcusdt 35171.10 3.832 35171.00 0.628
best_prices 1699273244321 1699273244211 btcusdt 35171.10 3.849 35171.00 0.599
best_prices 1699273244524 1699273244320 btcusdt 35171.10 3.849 35171.00 0.605
best_prices 1699273244536 1699273244427 btcusdt 35171.10 3.863 35171.00 0.252
best_prices 1699273244655 1699273244544 btcusdt 35171.10 3.428 35171.00 0.252
best_prices 1699273244759 1699273244648 btcusdt 35171.10 3.808 35171.00 0.252
best_prices 1699273244916 1699273244806 btcusdt 35171.10 3.823 35171.00 0.278
best_prices 1699273245018 1699273244907 btcusdt 35171.10 3.823 35171.00 0.278
best_prices 1699273245118 1699273245008 btcusdt 35171.10 3.779 35171.00 0.278
best_prices 1699273245219 1699273245109 btcusdt 35171.10 3.747 35171.00 0.281
best_prices 1699273245376 1699273245250 btcusdt 35171.10 3.597 35171.00 0.262
best_prices 1699273245547 1699273245412 btcusdt 35171.10 3.580 35171.00 0.370
best_prices 1699273245627 1699273245517 btcusdt 35171.10 3.585 35171.00 0.578
best_prices 1699273245854 1699273245637 btcusdt 35171.10 3.580 35171.00 0.583
best_prices 1699273245862 1699273245751 btcusdt 35171.10 3.580 35171.00 0.599
best_prices 1699273246059 1699273245911 btcusdt 35171.10 3.049 35171.00 0.753
best_prices 1699273246124 1699273246013 btcusdt 35171.10 2.947 35171.00 0.945
best_prices 1699273246227 1699273246116 btcusdt 35171.10 2.193 35171.00 1.116
best_prices 1699273246366 1699273246231 btcusdt 35171.10 2.273 35171.00 1.116
best_prices 1699273246455 1699273246345 btcusdt 35171.10 2.376 35171.00 1.116
best_prices 1699273246557 1699273246447 btcusdt 35171.10 2.376 35171.00 1.097
best_prices 1699273246660 1699273246549 btcusdt 35171.10 2.376 35171.00 1.097
best_prices 1699273246817 1699273246707 btcusdt 35171.10 3.002 35171.00 1.087
best_prices 1699273246940 1699273246830 btcusdt 35171.10 3.002 35171.00 1.087
best_prices 1699273247084 1699273246936 btcusdt 35171.10 3.007 35171.00 1.114
best_prices 1699273247159 1699273247048 btcusdt 35171.10 3.007 35171.00 1.117
best_prices 1699273247392 1699273247201 btcusdt 35171.10 2.944 35171.00 1.803
best_prices 1699273247426 1699273247316 btcusdt 35171.10 2.161 35171.00 4.321
best_prices 1699273247528 1699273247418 btcusdt 35171.10 2.168 35171.00 4.299
best_prices 1699273247629 1699273247519 btcusdt 35171.10 2.085 35171.00 4.306
best_prices 1699273247801 1699273247649 btcusdt 35171.10 2.085 35171.00 4.306
